20
100 1 1 1 1 1 1 1 1 1 1 1 1 1 1 1 1 1 1 1 119
1 100 1 1 1 1 1 1 1 1 1 1 1 1 1 1 1 1 1 1 119
1 1 100 1 1 1 1 1 1 1 1 1 1 1 1 1 1 1 1 1 119
1 1 1 100 1 1 1 1 1 1 1 1 1 1 1 1 1 1 1 1 119
1 1 1 1 100 1 1 1 1 1 1 1 1 1 1 1 1 1 1 1 119
1 1 1 1 1 100 1 1 1 1 1 1 1 1 1 1 1 1 1 1 119
1 1 1 1 1 1 100 1 1 1 1 1 1 1 1 1 1 1 1 1 119
1 1 1 1 1 1 1 100 1 1 1 1 1 1 1 1 1 1 1 1 119
1 1 1 1 1 1 1 1 100 1 1 1 1 1 1 1 1 1 1 1 119
1 1 1 1 1 1 1 1 1 100 1 1 1 1 1 1 1 1 1 1 119
1 1 1 1 1 1 1 1 1 1 100 1 1 1 1 1 1 1 1 1 119
1 1 1 1 1 1 1 1 1 1 1 100 1 1 1 1 1 1 1 1 119
1 1 1 1 1 1 1 1 1 1 1 1 100 1 1 1 1 1 1 1 119
1 1 1 1 1 1 1 1 1 1 1 1 1 100 1 1 1 1 1 1 119
1 1 1 1 1 1 1 1 1 1 1 1 1 1 100 1 1 1 1 1 119
1 1 1 1 1 1 1 1 1 1 1 1 1 1 1 100 1 1 1 1 119
1 1 1 1 1 1 1 1 1 1 1 1 1 1 1 1 100 1 1 1 119
1 1 1 1 1 1 1 1 1 1 1 1 1 1 1 1 1 100 1 1 119
1 1 1 1 1 1 1 1 1 1 1 1 1 1 1 1 1 1 100 1 119
1 1 1 1 1 1 1 1 1 1 1 1 1 1 1 1 1 1 1 100 119
0.0001